2
3
4
5
4
5
1
0
2
2
0
1
0
3
1
1
1
1
2
1
3
2
2
0
0
2
1
0
4
4
3
0
1
4
53
5
5
0
0
52
29
3
4
3
0
4
2
20
3
2
0
5
0
2
5
3
1
4
2
5
2
1
9
4
3
3
0
3
5
4
1
1
47
2
2
3
3
1
0
23
24
4
0
4
43
0
5
1
4
39
5
0
1
0
3
5
5
2
4
4
5
5
5
35
1
4
4
4
0
4
1
3
4
4
4
5
0
5
1
0
0
5
3
4
10
26
3
2
0
0
4
4
3
5
3
1
0
5
4
3
0
0
5
4
13
1
0
3
1
18
1
3
1
6
3
5
4
5
0
1
2
1
0
3
4
1
3
4
5
2
1
1
2
5
1
1
2
5
4
1
5
4
0
4
3
5
3
1
4
5
5
5
3
5
0
5
5
55
2
1
5
1
3
0
5
22
0
49
3
0
5
0
4
0
32
4
0
56
0
3
2
1
3
5
5
5
3
2
0
1
1
1
5
0
4
53
2
5
4
4
5
5
3
1
2
4
3
0
2
1
3
0
0
35
1
0
0
1
5
19
5
2
3
32
1
3
5
2
0
4
2
0
4
1
0
5
46
0
2
3
3
1
5
2
4
4
2
1
10
2
2
2
0
5
1
44
56
5
1
3
4
5
3
5
3
3
3
0
4
2
5
5
5
0
3
2
4
4
3
4
2
1
42
2
0
5
4
1
2
0
56
1
55
2
3
4
5
5
0
5
1
1
4
4
20
5
0
5
4
9
18
0
3
5
3
5
0
4
27
5
1
1
2
4
4
4
2
6
45
0
1
4
4
0
2
4
3
2
46
4
2
1
3
0
0
37
5
5
4
0
9
4
4
4
0
2
14
4
40
56
3
0
4
4
4
4
3
23
4
4
4
3
5
52
1
4
3
4
0
4
1
4
3
1
3
4
2
4
1
0
0
27
2
2
0
1
3
3
3
1
4
5
1
4
3
2
0
31
0
3
1
5
2
5
2
0
5
1
4
2
2
5
4
0
4
1
5
5
0
0
3
3
5
5
5
1
4
5
1
4
1
0
0
2
5
4
2
3
5
3
5
5
1
5
3
3
1
2
4
5
0
2
1
5
2
2
4
0
5
3
5
1
5
22
4
1
1
4
3
10
1
1
0
4
0
1
4
0
4
3
4
5
1
4
5
4
2
5
5
0
15
5
2
2
4
4
5
4
1
35
4
2
3
0
2
2
30
4
4
2
3
2
1
4
4
0
1
0
0
5
4
5
17
2
5
2
2
2
2
0
0
4
4
1
0
4
1
0
1
5
2
1
0
0
3
2
0
32
1
37
0
3
5
1
3
3
1
2
5
3
1
5
0
5
0
3
3
5
1
0
4
3
28
27
29
30
29
31
26
52
28
29
29
30
27
33
28
26
30
28
30
26
31
30
31
28
29
28
6
27
30
27
26
28
31
61
28
26
28
28
27
30
27
31
26
28
31
30
30
31
26
27
44
31
6
27
29
31
43
30
27
28
63
29
30
31
26
26
26
29
26
11
38
31
44
27
27
24
31
30
27
29
19
30
31
28
29
31
31
30
31
27
30
30
30
27
27
29
26
29
30
45
27
27
28
29
26
30
29
68
28
31
31
30
31
64
26
30
26
26
28
28
23
29
27
27
30
30
31
30
28
30
30
4
29
27
28
26
31
30
27
30
28
29
28
31
30
70
28
76
31
29
31
26
31
30
27
26
27
27
30
31
31
27
32
27
29
31
28
22
30
26
29
29
31
28
27
1
31
30
30
30
29
29
27
17
30
26
2
30
26
0
27
47
30
27
26
26
30
26
20
26
26
30
29
31
28
30
31
27
28
28
29
68
31
30
71
1
29
30
28
42
22
26
31
31
27
28
30
27
30
26
26
56
27
30
28
27
31
28
28
71
31
56
28
35
28
56
29
27
28
26
27
29
27
29
28
27
31
29
31
26
30
31
29
30
29
31
31
26
30
26
26
27
26
28
31
56
30
31
78
29
26
27
26
28
29
29
26
30
26
26
62
31
31
27
11
29
27
26
26
30
42
30
29
27
31
30
30
55
29
28
72
27
31
30
26
28
31
31
29
51
31
27
26
27
26
30
14
32
28
26
27
27
3
27
29
30
30
26
29
27
27
31
29
27
31
31
26
30
27
27
27
29
30
28
31
27
27
30
30
26
31
26
26
31
29
31
31
29
30
27
26
29
28
71
29
30
30
30
